10001101 00000100 00000000 00000000 
10001101 00000100 00000000 00000000 
10001101 00000100 00000000 00000000 
11110001 11111111 11111111 11111111
11110001 11111111 11111111 11111111
11110001 11111111 11111111 11111111
11110001 11111111 11111111 11111111
11111111 11111111 11111111 11111111
11111111 11111111 11111111 11111111
11111111 11111111 11111111 11111111
00000000 00000000 00000000 00000000
00000000 00000000 00000000 00000000
00000000 00000000 00000000 00000000
10111101 00000000 00000000 00000000
10111101 00000000 00000000 00000000
10111101 00000000 00000000 00000000
10111101 00000000 00000000 00000000
00000001 00000000 00000000 00000000
00011001 00000000 00000000 00000000
11110001 11111111 11111111 11111111